{
 "cells": [
  {
   "cell_type": "code",
   "execution_count": 31,
   "id": "a743d77b-f929-4602-b696-72fbf33a790a",
   "metadata": {},
   "outputs": [],
   "source": [
    "import pandas as pd\n",
    "import seaborn as sns"
   ]
  },
  {
   "cell_type": "code",
   "execution_count": 17,
   "id": "b4de564d-e070-4697-ae91-6e09bd28d640",
   "metadata": {},
   "outputs": [],
   "source": [
    "df = pd.read_csv('cod.csv')"
   ]
  },
  {
   "cell_type": "code",
   "execution_count": 18,
   "id": "c1a2a50a-82fe-4836-98ef-72967bdb8701",
   "metadata": {},
   "outputs": [
    {
     "data": {
      "text/html": [
       "<div>\n",
       "<style scoped>\n",
       "    .dataframe tbody tr th:only-of-type {\n",
       "        vertical-align: middle;\n",
       "    }\n",
       "\n",
       "    .dataframe tbody tr th {\n",
       "        vertical-align: top;\n",
       "    }\n",
       "\n",
       "    .dataframe thead th {\n",
       "        text-align: right;\n",
       "    }\n",
       "</style>\n",
       "<table border=\"1\" class=\"dataframe\">\n",
       "  <thead>\n",
       "    <tr style=\"text-align: right;\">\n",
       "      <th></th>\n",
       "      <th>name</th>\n",
       "      <th>wins</th>\n",
       "      <th>kills</th>\n",
       "      <th>kdRatio</th>\n",
       "      <th>killstreak</th>\n",
       "      <th>level</th>\n",
       "      <th>losses</th>\n",
       "      <th>prestige</th>\n",
       "      <th>hits</th>\n",
       "      <th>timePlayed</th>\n",
       "      <th>headshots</th>\n",
       "      <th>averageTime</th>\n",
       "      <th>gamesPlayed</th>\n",
       "      <th>assists</th>\n",
       "      <th>misses</th>\n",
       "      <th>xp</th>\n",
       "      <th>scorePerMinute</th>\n",
       "      <th>shots</th>\n",
       "      <th>deaths</th>\n",
       "    </tr>\n",
       "  </thead>\n",
       "  <tbody>\n",
       "    <tr>\n",
       "      <th>0</th>\n",
       "      <td>RggRt45#4697369</td>\n",
       "      <td>0</td>\n",
       "      <td>0</td>\n",
       "      <td>0.00000</td>\n",
       "      <td>0</td>\n",
       "      <td>1</td>\n",
       "      <td>0</td>\n",
       "      <td>0</td>\n",
       "      <td>0</td>\n",
       "      <td>0</td>\n",
       "      <td>0</td>\n",
       "      <td>0.0</td>\n",
       "      <td>0</td>\n",
       "      <td>0</td>\n",
       "      <td>0</td>\n",
       "      <td>0</td>\n",
       "      <td>0.0</td>\n",
       "      <td>0</td>\n",
       "      <td>0</td>\n",
       "    </tr>\n",
       "    <tr>\n",
       "      <th>1</th>\n",
       "      <td>JohniceRex#9176033</td>\n",
       "      <td>0</td>\n",
       "      <td>0</td>\n",
       "      <td>0.00000</td>\n",
       "      <td>0</td>\n",
       "      <td>1</td>\n",
       "      <td>0</td>\n",
       "      <td>110</td>\n",
       "      <td>0</td>\n",
       "      <td>7</td>\n",
       "      <td>0</td>\n",
       "      <td>7.0</td>\n",
       "      <td>0</td>\n",
       "      <td>0</td>\n",
       "      <td>0</td>\n",
       "      <td>700</td>\n",
       "      <td>0.0</td>\n",
       "      <td>0</td>\n",
       "      <td>16</td>\n",
       "    </tr>\n",
       "    <tr>\n",
       "      <th>2</th>\n",
       "      <td>bootybootykill#1892064</td>\n",
       "      <td>0</td>\n",
       "      <td>66</td>\n",
       "      <td>1.03125</td>\n",
       "      <td>0</td>\n",
       "      <td>9</td>\n",
       "      <td>0</td>\n",
       "      <td>110</td>\n",
       "      <td>0</td>\n",
       "      <td>32</td>\n",
       "      <td>16</td>\n",
       "      <td>32.0</td>\n",
       "      <td>0</td>\n",
       "      <td>1</td>\n",
       "      <td>0</td>\n",
       "      <td>48300</td>\n",
       "      <td>0.0</td>\n",
       "      <td>0</td>\n",
       "      <td>64</td>\n",
       "    </tr>\n",
       "    <tr>\n",
       "      <th>3</th>\n",
       "      <td>JNaCo#5244172</td>\n",
       "      <td>3</td>\n",
       "      <td>2</td>\n",
       "      <td>0.40000</td>\n",
       "      <td>0</td>\n",
       "      <td>1</td>\n",
       "      <td>0</td>\n",
       "      <td>0</td>\n",
       "      <td>0</td>\n",
       "      <td>3</td>\n",
       "      <td>0</td>\n",
       "      <td>3.0</td>\n",
       "      <td>0</td>\n",
       "      <td>0</td>\n",
       "      <td>0</td>\n",
       "      <td>1150</td>\n",
       "      <td>0.0</td>\n",
       "      <td>0</td>\n",
       "      <td>5</td>\n",
       "    </tr>\n",
       "    <tr>\n",
       "      <th>4</th>\n",
       "      <td>gomezyayo_007#6596687</td>\n",
       "      <td>0</td>\n",
       "      <td>2</td>\n",
       "      <td>0.20000</td>\n",
       "      <td>0</td>\n",
       "      <td>1</td>\n",
       "      <td>0</td>\n",
       "      <td>110</td>\n",
       "      <td>0</td>\n",
       "      <td>5</td>\n",
       "      <td>1</td>\n",
       "      <td>5.0</td>\n",
       "      <td>0</td>\n",
       "      <td>0</td>\n",
       "      <td>0</td>\n",
       "      <td>1000</td>\n",
       "      <td>0.0</td>\n",
       "      <td>0</td>\n",
       "      <td>10</td>\n",
       "    </tr>\n",
       "  </tbody>\n",
       "</table>\n",
       "</div>"
      ],
      "text/plain": [
       "                     name  wins  kills  kdRatio  killstreak  level  losses  \\\n",
       "0         RggRt45#4697369     0      0  0.00000           0      1       0   \n",
       "1      JohniceRex#9176033     0      0  0.00000           0      1       0   \n",
       "2  bootybootykill#1892064     0     66  1.03125           0      9       0   \n",
       "3           JNaCo#5244172     3      2  0.40000           0      1       0   \n",
       "4   gomezyayo_007#6596687     0      2  0.20000           0      1       0   \n",
       "\n",
       "   prestige  hits  timePlayed  headshots  averageTime  gamesPlayed  assists  \\\n",
       "0         0     0           0          0          0.0            0        0   \n",
       "1       110     0           7          0          7.0            0        0   \n",
       "2       110     0          32         16         32.0            0        1   \n",
       "3         0     0           3          0          3.0            0        0   \n",
       "4       110     0           5          1          5.0            0        0   \n",
       "\n",
       "   misses     xp  scorePerMinute  shots  deaths  \n",
       "0       0      0             0.0      0       0  \n",
       "1       0    700             0.0      0      16  \n",
       "2       0  48300             0.0      0      64  \n",
       "3       0   1150             0.0      0       5  \n",
       "4       0   1000             0.0      0      10  "
      ]
     },
     "execution_count": 18,
     "metadata": {},
     "output_type": "execute_result"
    }
   ],
   "source": [
    "df.head()"
   ]
  },
  {
   "cell_type": "code",
   "execution_count": 19,
   "id": "c905eead-458a-41c0-8ee9-281a9a33a6f2",
   "metadata": {},
   "outputs": [
    {
     "data": {
      "text/plain": [
       "(1558, 19)"
      ]
     },
     "execution_count": 19,
     "metadata": {},
     "output_type": "execute_result"
    }
   ],
   "source": [
    "df.shape\n",
    "# Appropriately sized dataset, a 70-30 split between train and test should be feasible."
   ]
  },
  {
   "cell_type": "code",
   "execution_count": 20,
   "id": "013770ce-a959-4290-9226-c297927ef47e",
   "metadata": {},
   "outputs": [
    {
     "data": {
      "text/plain": [
       "name              0\n",
       "wins              0\n",
       "kills             0\n",
       "kdRatio           0\n",
       "killstreak        0\n",
       "level             0\n",
       "losses            0\n",
       "prestige          0\n",
       "hits              0\n",
       "timePlayed        0\n",
       "headshots         0\n",
       "averageTime       0\n",
       "gamesPlayed       0\n",
       "assists           0\n",
       "misses            0\n",
       "xp                0\n",
       "scorePerMinute    0\n",
       "shots             0\n",
       "deaths            0\n",
       "dtype: int64"
      ]
     },
     "execution_count": 20,
     "metadata": {},
     "output_type": "execute_result"
    }
   ],
   "source": [
    "df.isnull().sum()\n",
    "# Checking for null values in the dataset, none found."
   ]
  },
  {
   "cell_type": "code",
   "execution_count": 21,
   "id": "82fd74f7-08d3-405b-a5d4-79d937af0e07",
   "metadata": {},
   "outputs": [
    {
     "data": {
      "text/plain": [
       "name              0\n",
       "wins              0\n",
       "kills             0\n",
       "kdRatio           0\n",
       "killstreak        0\n",
       "level             0\n",
       "losses            0\n",
       "prestige          0\n",
       "hits              0\n",
       "timePlayed        0\n",
       "headshots         0\n",
       "averageTime       0\n",
       "gamesPlayed       0\n",
       "assists           0\n",
       "misses            0\n",
       "xp                0\n",
       "scorePerMinute    0\n",
       "shots             0\n",
       "deaths            0\n",
       "dtype: int64"
      ]
     },
     "execution_count": 21,
     "metadata": {},
     "output_type": "execute_result"
    }
   ],
   "source": [
    "df.isna().sum()\n",
    "# Checking for NaN values, none found. This does not mean the dataset needs no cleaning."
   ]
  },
  {
   "cell_type": "code",
   "execution_count": 22,
   "id": "1a93ff47-00da-4eeb-9974-06e2e07ae02c",
   "metadata": {},
   "outputs": [
    {
     "data": {
      "text/html": [
       "<div>\n",
       "<style scoped>\n",
       "    .dataframe tbody tr th:only-of-type {\n",
       "        vertical-align: middle;\n",
       "    }\n",
       "\n",
       "    .dataframe tbody tr th {\n",
       "        vertical-align: top;\n",
       "    }\n",
       "\n",
       "    .dataframe thead th {\n",
       "        text-align: right;\n",
       "    }\n",
       "</style>\n",
       "<table border=\"1\" class=\"dataframe\">\n",
       "  <thead>\n",
       "    <tr style=\"text-align: right;\">\n",
       "      <th></th>\n",
       "      <th>wins</th>\n",
       "      <th>kills</th>\n",
       "      <th>kdRatio</th>\n",
       "      <th>killstreak</th>\n",
       "      <th>level</th>\n",
       "      <th>losses</th>\n",
       "      <th>prestige</th>\n",
       "      <th>hits</th>\n",
       "      <th>timePlayed</th>\n",
       "      <th>headshots</th>\n",
       "      <th>averageTime</th>\n",
       "      <th>gamesPlayed</th>\n",
       "      <th>assists</th>\n",
       "      <th>misses</th>\n",
       "      <th>xp</th>\n",
       "      <th>scorePerMinute</th>\n",
       "      <th>shots</th>\n",
       "      <th>deaths</th>\n",
       "    </tr>\n",
       "  </thead>\n",
       "  <tbody>\n",
       "    <tr>\n",
       "      <th>wins</th>\n",
       "      <td>1.000000</td>\n",
       "      <td>0.900201</td>\n",
       "      <td>0.386612</td>\n",
       "      <td>0.496721</td>\n",
       "      <td>0.845055</td>\n",
       "      <td>0.632532</td>\n",
       "      <td>0.392511</td>\n",
       "      <td>0.853138</td>\n",
       "      <td>0.934991</td>\n",
       "      <td>0.867875</td>\n",
       "      <td>-0.071429</td>\n",
       "      <td>0.931809</td>\n",
       "      <td>0.842728</td>\n",
       "      <td>0.879621</td>\n",
       "      <td>0.829105</td>\n",
       "      <td>0.340977</td>\n",
       "      <td>0.878899</td>\n",
       "      <td>0.912530</td>\n",
       "    </tr>\n",
       "    <tr>\n",
       "      <th>kills</th>\n",
       "      <td>0.900201</td>\n",
       "      <td>1.000000</td>\n",
       "      <td>0.406106</td>\n",
       "      <td>0.504433</td>\n",
       "      <td>0.875606</td>\n",
       "      <td>0.623952</td>\n",
       "      <td>0.371014</td>\n",
       "      <td>0.956512</td>\n",
       "      <td>0.881143</td>\n",
       "      <td>0.976575</td>\n",
       "      <td>-0.073888</td>\n",
       "      <td>0.920272</td>\n",
       "      <td>0.958100</td>\n",
       "      <td>0.947597</td>\n",
       "      <td>0.875062</td>\n",
       "      <td>0.353855</td>\n",
       "      <td>0.953966</td>\n",
       "      <td>0.983574</td>\n",
       "    </tr>\n",
       "    <tr>\n",
       "      <th>kdRatio</th>\n",
       "      <td>0.386612</td>\n",
       "      <td>0.406106</td>\n",
       "      <td>1.000000</td>\n",
       "      <td>0.504753</td>\n",
       "      <td>0.513195</td>\n",
       "      <td>0.512484</td>\n",
       "      <td>0.389929</td>\n",
       "      <td>0.380265</td>\n",
       "      <td>0.413756</td>\n",
       "      <td>0.419661</td>\n",
       "      <td>0.072248</td>\n",
       "      <td>0.361056</td>\n",
       "      <td>0.367282</td>\n",
       "      <td>0.369224</td>\n",
       "      <td>0.426856</td>\n",
       "      <td>0.451102</td>\n",
       "      <td>0.373149</td>\n",
       "      <td>0.373437</td>\n",
       "    </tr>\n",
       "    <tr>\n",
       "      <th>killstreak</th>\n",
       "      <td>0.496721</td>\n",
       "      <td>0.504433</td>\n",
       "      <td>0.504753</td>\n",
       "      <td>1.000000</td>\n",
       "      <td>0.534950</td>\n",
       "      <td>0.569522</td>\n",
       "      <td>0.294850</td>\n",
       "      <td>0.482832</td>\n",
       "      <td>0.486061</td>\n",
       "      <td>0.513845</td>\n",
       "      <td>-0.092810</td>\n",
       "      <td>0.472495</td>\n",
       "      <td>0.469738</td>\n",
       "      <td>0.477543</td>\n",
       "      <td>0.458867</td>\n",
       "      <td>0.451865</td>\n",
       "      <td>0.480904</td>\n",
       "      <td>0.490072</td>\n",
       "    </tr>\n",
       "    <tr>\n",
       "      <th>level</th>\n",
       "      <td>0.845055</td>\n",
       "      <td>0.875606</td>\n",
       "      <td>0.513195</td>\n",
       "      <td>0.534950</td>\n",
       "      <td>1.000000</td>\n",
       "      <td>0.665629</td>\n",
       "      <td>0.512850</td>\n",
       "      <td>0.797220</td>\n",
       "      <td>0.938933</td>\n",
       "      <td>0.880610</td>\n",
       "      <td>0.059675</td>\n",
       "      <td>0.774408</td>\n",
       "      <td>0.817353</td>\n",
       "      <td>0.803272</td>\n",
       "      <td>0.969955</td>\n",
       "      <td>0.263510</td>\n",
       "      <td>0.806073</td>\n",
       "      <td>0.861555</td>\n",
       "    </tr>\n",
       "    <tr>\n",
       "      <th>losses</th>\n",
       "      <td>0.632532</td>\n",
       "      <td>0.623952</td>\n",
       "      <td>0.512484</td>\n",
       "      <td>0.569522</td>\n",
       "      <td>0.665629</td>\n",
       "      <td>1.000000</td>\n",
       "      <td>0.358865</td>\n",
       "      <td>0.599764</td>\n",
       "      <td>0.634742</td>\n",
       "      <td>0.627122</td>\n",
       "      <td>-0.076287</td>\n",
       "      <td>0.657998</td>\n",
       "      <td>0.603573</td>\n",
       "      <td>0.600885</td>\n",
       "      <td>0.588177</td>\n",
       "      <td>0.493834</td>\n",
       "      <td>0.603631</td>\n",
       "      <td>0.621198</td>\n",
       "    </tr>\n",
       "    <tr>\n",
       "      <th>prestige</th>\n",
       "      <td>0.392511</td>\n",
       "      <td>0.371014</td>\n",
       "      <td>0.389929</td>\n",
       "      <td>0.294850</td>\n",
       "      <td>0.512850</td>\n",
       "      <td>0.358865</td>\n",
       "      <td>1.000000</td>\n",
       "      <td>0.327667</td>\n",
       "      <td>0.473250</td>\n",
       "      <td>0.374914</td>\n",
       "      <td>0.207348</td>\n",
       "      <td>0.336447</td>\n",
       "      <td>0.344325</td>\n",
       "      <td>0.336664</td>\n",
       "      <td>0.442993</td>\n",
       "      <td>0.013098</td>\n",
       "      <td>0.336605</td>\n",
       "      <td>0.376481</td>\n",
       "    </tr>\n",
       "    <tr>\n",
       "      <th>hits</th>\n",
       "      <td>0.853138</td>\n",
       "      <td>0.956512</td>\n",
       "      <td>0.380265</td>\n",
       "      <td>0.482832</td>\n",
       "      <td>0.797220</td>\n",
       "      <td>0.599764</td>\n",
       "      <td>0.327667</td>\n",
       "      <td>1.000000</td>\n",
       "      <td>0.812103</td>\n",
       "      <td>0.937531</td>\n",
       "      <td>-0.097044</td>\n",
       "      <td>0.900000</td>\n",
       "      <td>0.973379</td>\n",
       "      <td>0.968216</td>\n",
       "      <td>0.789628</td>\n",
       "      <td>0.381123</td>\n",
       "      <td>0.979051</td>\n",
       "      <td>0.945092</td>\n",
       "    </tr>\n",
       "    <tr>\n",
       "      <th>timePlayed</th>\n",
       "      <td>0.934991</td>\n",
       "      <td>0.881143</td>\n",
       "      <td>0.413756</td>\n",
       "      <td>0.486061</td>\n",
       "      <td>0.938933</td>\n",
       "      <td>0.634742</td>\n",
       "      <td>0.473250</td>\n",
       "      <td>0.812103</td>\n",
       "      <td>1.000000</td>\n",
       "      <td>0.865555</td>\n",
       "      <td>0.029985</td>\n",
       "      <td>0.869010</td>\n",
       "      <td>0.821605</td>\n",
       "      <td>0.836810</td>\n",
       "      <td>0.932366</td>\n",
       "      <td>0.245996</td>\n",
       "      <td>0.836215</td>\n",
       "      <td>0.889276</td>\n",
       "    </tr>\n",
       "    <tr>\n",
       "      <th>headshots</th>\n",
       "      <td>0.867875</td>\n",
       "      <td>0.976575</td>\n",
       "      <td>0.419661</td>\n",
       "      <td>0.513845</td>\n",
       "      <td>0.880610</td>\n",
       "      <td>0.627122</td>\n",
       "      <td>0.374914</td>\n",
       "      <td>0.937531</td>\n",
       "      <td>0.865555</td>\n",
       "      <td>1.000000</td>\n",
       "      <td>-0.068719</td>\n",
       "      <td>0.878931</td>\n",
       "      <td>0.938885</td>\n",
       "      <td>0.915486</td>\n",
       "      <td>0.876730</td>\n",
       "      <td>0.343639</td>\n",
       "      <td>0.924202</td>\n",
       "      <td>0.955821</td>\n",
       "    </tr>\n",
       "    <tr>\n",
       "      <th>averageTime</th>\n",
       "      <td>-0.071429</td>\n",
       "      <td>-0.073888</td>\n",
       "      <td>0.072248</td>\n",
       "      <td>-0.092810</td>\n",
       "      <td>0.059675</td>\n",
       "      <td>-0.076287</td>\n",
       "      <td>0.207348</td>\n",
       "      <td>-0.097044</td>\n",
       "      <td>0.029985</td>\n",
       "      <td>-0.068719</td>\n",
       "      <td>1.000000</td>\n",
       "      <td>-0.098652</td>\n",
       "      <td>-0.078736</td>\n",
       "      <td>-0.099306</td>\n",
       "      <td>0.018214</td>\n",
       "      <td>-0.200985</td>\n",
       "      <td>-0.099363</td>\n",
       "      <td>-0.071386</td>\n",
       "    </tr>\n",
       "    <tr>\n",
       "      <th>gamesPlayed</th>\n",
       "      <td>0.931809</td>\n",
       "      <td>0.920272</td>\n",
       "      <td>0.361056</td>\n",
       "      <td>0.472495</td>\n",
       "      <td>0.774408</td>\n",
       "      <td>0.657998</td>\n",
       "      <td>0.336447</td>\n",
       "      <td>0.900000</td>\n",
       "      <td>0.869010</td>\n",
       "      <td>0.878931</td>\n",
       "      <td>-0.098652</td>\n",
       "      <td>1.000000</td>\n",
       "      <td>0.889257</td>\n",
       "      <td>0.920006</td>\n",
       "      <td>0.756567</td>\n",
       "      <td>0.395845</td>\n",
       "      <td>0.920720</td>\n",
       "      <td>0.930178</td>\n",
       "    </tr>\n",
       "    <tr>\n",
       "      <th>assists</th>\n",
       "      <td>0.842728</td>\n",
       "      <td>0.958100</td>\n",
       "      <td>0.367282</td>\n",
       "      <td>0.469738</td>\n",
       "      <td>0.817353</td>\n",
       "      <td>0.603573</td>\n",
       "      <td>0.344325</td>\n",
       "      <td>0.973379</td>\n",
       "      <td>0.821605</td>\n",
       "      <td>0.938885</td>\n",
       "      <td>-0.078736</td>\n",
       "      <td>0.889257</td>\n",
       "      <td>1.000000</td>\n",
       "      <td>0.952855</td>\n",
       "      <td>0.813556</td>\n",
       "      <td>0.352456</td>\n",
       "      <td>0.961465</td>\n",
       "      <td>0.954325</td>\n",
       "    </tr>\n",
       "    <tr>\n",
       "      <th>misses</th>\n",
       "      <td>0.879621</td>\n",
       "      <td>0.947597</td>\n",
       "      <td>0.369224</td>\n",
       "      <td>0.477543</td>\n",
       "      <td>0.803272</td>\n",
       "      <td>0.600885</td>\n",
       "      <td>0.336664</td>\n",
       "      <td>0.968216</td>\n",
       "      <td>0.836810</td>\n",
       "      <td>0.915486</td>\n",
       "      <td>-0.099306</td>\n",
       "      <td>0.920006</td>\n",
       "      <td>0.952855</td>\n",
       "      <td>1.000000</td>\n",
       "      <td>0.789731</td>\n",
       "      <td>0.392171</td>\n",
       "      <td>0.998860</td>\n",
       "      <td>0.953241</td>\n",
       "    </tr>\n",
       "    <tr>\n",
       "      <th>xp</th>\n",
       "      <td>0.829105</td>\n",
       "      <td>0.875062</td>\n",
       "      <td>0.426856</td>\n",
       "      <td>0.458867</td>\n",
       "      <td>0.969955</td>\n",
       "      <td>0.588177</td>\n",
       "      <td>0.442993</td>\n",
       "      <td>0.789628</td>\n",
       "      <td>0.932366</td>\n",
       "      <td>0.876730</td>\n",
       "      <td>0.018214</td>\n",
       "      <td>0.756567</td>\n",
       "      <td>0.813556</td>\n",
       "      <td>0.789731</td>\n",
       "      <td>1.000000</td>\n",
       "      <td>0.194255</td>\n",
       "      <td>0.793600</td>\n",
       "      <td>0.852277</td>\n",
       "    </tr>\n",
       "    <tr>\n",
       "      <th>scorePerMinute</th>\n",
       "      <td>0.340977</td>\n",
       "      <td>0.353855</td>\n",
       "      <td>0.451102</td>\n",
       "      <td>0.451865</td>\n",
       "      <td>0.263510</td>\n",
       "      <td>0.493834</td>\n",
       "      <td>0.013098</td>\n",
       "      <td>0.381123</td>\n",
       "      <td>0.245996</td>\n",
       "      <td>0.343639</td>\n",
       "      <td>-0.200985</td>\n",
       "      <td>0.395845</td>\n",
       "      <td>0.352456</td>\n",
       "      <td>0.392171</td>\n",
       "      <td>0.194255</td>\n",
       "      <td>1.000000</td>\n",
       "      <td>0.391995</td>\n",
       "      <td>0.365725</td>\n",
       "    </tr>\n",
       "    <tr>\n",
       "      <th>shots</th>\n",
       "      <td>0.878899</td>\n",
       "      <td>0.953966</td>\n",
       "      <td>0.373149</td>\n",
       "      <td>0.480904</td>\n",
       "      <td>0.806073</td>\n",
       "      <td>0.603631</td>\n",
       "      <td>0.336605</td>\n",
       "      <td>0.979051</td>\n",
       "      <td>0.836215</td>\n",
       "      <td>0.924202</td>\n",
       "      <td>-0.099363</td>\n",
       "      <td>0.920720</td>\n",
       "      <td>0.961465</td>\n",
       "      <td>0.998860</td>\n",
       "      <td>0.793600</td>\n",
       "      <td>0.391995</td>\n",
       "      <td>1.000000</td>\n",
       "      <td>0.956380</td>\n",
       "    </tr>\n",
       "    <tr>\n",
       "      <th>deaths</th>\n",
       "      <td>0.912530</td>\n",
       "      <td>0.983574</td>\n",
       "      <td>0.373437</td>\n",
       "      <td>0.490072</td>\n",
       "      <td>0.861555</td>\n",
       "      <td>0.621198</td>\n",
       "      <td>0.376481</td>\n",
       "      <td>0.945092</td>\n",
       "      <td>0.889276</td>\n",
       "      <td>0.955821</td>\n",
       "      <td>-0.071386</td>\n",
       "      <td>0.930178</td>\n",
       "      <td>0.954325</td>\n",
       "      <td>0.953241</td>\n",
       "      <td>0.852277</td>\n",
       "      <td>0.365725</td>\n",
       "      <td>0.956380</td>\n",
       "      <td>1.000000</td>\n",
       "    </tr>\n",
       "  </tbody>\n",
       "</table>\n",
       "</div>"
      ],
      "text/plain": [
       "                    wins     kills   kdRatio  killstreak     level    losses  \\\n",
       "wins            1.000000  0.900201  0.386612    0.496721  0.845055  0.632532   \n",
       "kills           0.900201  1.000000  0.406106    0.504433  0.875606  0.623952   \n",
       "kdRatio         0.386612  0.406106  1.000000    0.504753  0.513195  0.512484   \n",
       "killstreak      0.496721  0.504433  0.504753    1.000000  0.534950  0.569522   \n",
       "level           0.845055  0.875606  0.513195    0.534950  1.000000  0.665629   \n",
       "losses          0.632532  0.623952  0.512484    0.569522  0.665629  1.000000   \n",
       "prestige        0.392511  0.371014  0.389929    0.294850  0.512850  0.358865   \n",
       "hits            0.853138  0.956512  0.380265    0.482832  0.797220  0.599764   \n",
       "timePlayed      0.934991  0.881143  0.413756    0.486061  0.938933  0.634742   \n",
       "headshots       0.867875  0.976575  0.419661    0.513845  0.880610  0.627122   \n",
       "averageTime    -0.071429 -0.073888  0.072248   -0.092810  0.059675 -0.076287   \n",
       "gamesPlayed     0.931809  0.920272  0.361056    0.472495  0.774408  0.657998   \n",
       "assists         0.842728  0.958100  0.367282    0.469738  0.817353  0.603573   \n",
       "misses          0.879621  0.947597  0.369224    0.477543  0.803272  0.600885   \n",
       "xp              0.829105  0.875062  0.426856    0.458867  0.969955  0.588177   \n",
       "scorePerMinute  0.340977  0.353855  0.451102    0.451865  0.263510  0.493834   \n",
       "shots           0.878899  0.953966  0.373149    0.480904  0.806073  0.603631   \n",
       "deaths          0.912530  0.983574  0.373437    0.490072  0.861555  0.621198   \n",
       "\n",
       "                prestige      hits  timePlayed  headshots  averageTime  \\\n",
       "wins            0.392511  0.853138    0.934991   0.867875    -0.071429   \n",
       "kills           0.371014  0.956512    0.881143   0.976575    -0.073888   \n",
       "kdRatio         0.389929  0.380265    0.413756   0.419661     0.072248   \n",
       "killstreak      0.294850  0.482832    0.486061   0.513845    -0.092810   \n",
       "level           0.512850  0.797220    0.938933   0.880610     0.059675   \n",
       "losses          0.358865  0.599764    0.634742   0.627122    -0.076287   \n",
       "prestige        1.000000  0.327667    0.473250   0.374914     0.207348   \n",
       "hits            0.327667  1.000000    0.812103   0.937531    -0.097044   \n",
       "timePlayed      0.473250  0.812103    1.000000   0.865555     0.029985   \n",
       "headshots       0.374914  0.937531    0.865555   1.000000    -0.068719   \n",
       "averageTime     0.207348 -0.097044    0.029985  -0.068719     1.000000   \n",
       "gamesPlayed     0.336447  0.900000    0.869010   0.878931    -0.098652   \n",
       "assists         0.344325  0.973379    0.821605   0.938885    -0.078736   \n",
       "misses          0.336664  0.968216    0.836810   0.915486    -0.099306   \n",
       "xp              0.442993  0.789628    0.932366   0.876730     0.018214   \n",
       "scorePerMinute  0.013098  0.381123    0.245996   0.343639    -0.200985   \n",
       "shots           0.336605  0.979051    0.836215   0.924202    -0.099363   \n",
       "deaths          0.376481  0.945092    0.889276   0.955821    -0.071386   \n",
       "\n",
       "                gamesPlayed   assists    misses        xp  scorePerMinute  \\\n",
       "wins               0.931809  0.842728  0.879621  0.829105        0.340977   \n",
       "kills              0.920272  0.958100  0.947597  0.875062        0.353855   \n",
       "kdRatio            0.361056  0.367282  0.369224  0.426856        0.451102   \n",
       "killstreak         0.472495  0.469738  0.477543  0.458867        0.451865   \n",
       "level              0.774408  0.817353  0.803272  0.969955        0.263510   \n",
       "losses             0.657998  0.603573  0.600885  0.588177        0.493834   \n",
       "prestige           0.336447  0.344325  0.336664  0.442993        0.013098   \n",
       "hits               0.900000  0.973379  0.968216  0.789628        0.381123   \n",
       "timePlayed         0.869010  0.821605  0.836810  0.932366        0.245996   \n",
       "headshots          0.878931  0.938885  0.915486  0.876730        0.343639   \n",
       "averageTime       -0.098652 -0.078736 -0.099306  0.018214       -0.200985   \n",
       "gamesPlayed        1.000000  0.889257  0.920006  0.756567        0.395845   \n",
       "assists            0.889257  1.000000  0.952855  0.813556        0.352456   \n",
       "misses             0.920006  0.952855  1.000000  0.789731        0.392171   \n",
       "xp                 0.756567  0.813556  0.789731  1.000000        0.194255   \n",
       "scorePerMinute     0.395845  0.352456  0.392171  0.194255        1.000000   \n",
       "shots              0.920720  0.961465  0.998860  0.793600        0.391995   \n",
       "deaths             0.930178  0.954325  0.953241  0.852277        0.365725   \n",
       "\n",
       "                   shots    deaths  \n",
       "wins            0.878899  0.912530  \n",
       "kills           0.953966  0.983574  \n",
       "kdRatio         0.373149  0.373437  \n",
       "killstreak      0.480904  0.490072  \n",
       "level           0.806073  0.861555  \n",
       "losses          0.603631  0.621198  \n",
       "prestige        0.336605  0.376481  \n",
       "hits            0.979051  0.945092  \n",
       "timePlayed      0.836215  0.889276  \n",
       "headshots       0.924202  0.955821  \n",
       "averageTime    -0.099363 -0.071386  \n",
       "gamesPlayed     0.920720  0.930178  \n",
       "assists         0.961465  0.954325  \n",
       "misses          0.998860  0.953241  \n",
       "xp              0.793600  0.852277  \n",
       "scorePerMinute  0.391995  0.365725  \n",
       "shots           1.000000  0.956380  \n",
       "deaths          0.956380  1.000000  "
      ]
     },
     "execution_count": 22,
     "metadata": {},
     "output_type": "execute_result"
    }
   ],
   "source": [
    "df.corr()\n",
    "# Most of the correlation between the variables is justified, for example the correlation between gamesPlayed and wins is high. Understandably, the more games are played, the more games can be won.\n",
    "# No 100% correlation between variables, therefore no variable needs removal."
   ]
  },
  {
   "cell_type": "code",
   "execution_count": 23,
   "id": "1a2599c0-1ccf-487d-ab3e-4605ba4d4f92",
   "metadata": {},
   "outputs": [
    {
     "data": {
      "text/html": [
       "<div>\n",
       "<style scoped>\n",
       "    .dataframe tbody tr th:only-of-type {\n",
       "        vertical-align: middle;\n",
       "    }\n",
       "\n",
       "    .dataframe tbody tr th {\n",
       "        vertical-align: top;\n",
       "    }\n",
       "\n",
       "    .dataframe thead th {\n",
       "        text-align: right;\n",
       "    }\n",
       "</style>\n",
       "<table border=\"1\" class=\"dataframe\">\n",
       "  <thead>\n",
       "    <tr style=\"text-align: right;\">\n",
       "      <th></th>\n",
       "      <th>name</th>\n",
       "      <th>wins</th>\n",
       "      <th>kills</th>\n",
       "      <th>kdRatio</th>\n",
       "      <th>killstreak</th>\n",
       "      <th>level</th>\n",
       "      <th>losses</th>\n",
       "      <th>prestige</th>\n",
       "      <th>hits</th>\n",
       "      <th>timePlayed</th>\n",
       "      <th>headshots</th>\n",
       "      <th>averageTime</th>\n",
       "      <th>gamesPlayed</th>\n",
       "      <th>assists</th>\n",
       "      <th>misses</th>\n",
       "      <th>xp</th>\n",
       "      <th>scorePerMinute</th>\n",
       "      <th>shots</th>\n",
       "      <th>deaths</th>\n",
       "      <th>Positive_KD</th>\n",
       "    </tr>\n",
       "  </thead>\n",
       "  <tbody>\n",
       "    <tr>\n",
       "      <th>0</th>\n",
       "      <td>RggRt45#4697369</td>\n",
       "      <td>0</td>\n",
       "      <td>0</td>\n",
       "      <td>0.000000</td>\n",
       "      <td>0</td>\n",
       "      <td>1</td>\n",
       "      <td>0</td>\n",
       "      <td>0</td>\n",
       "      <td>0</td>\n",
       "      <td>0</td>\n",
       "      <td>0</td>\n",
       "      <td>0.000000</td>\n",
       "      <td>0</td>\n",
       "      <td>0</td>\n",
       "      <td>0</td>\n",
       "      <td>0</td>\n",
       "      <td>0.000000</td>\n",
       "      <td>0</td>\n",
       "      <td>0</td>\n",
       "      <td>0</td>\n",
       "    </tr>\n",
       "    <tr>\n",
       "      <th>1</th>\n",
       "      <td>JohniceRex#9176033</td>\n",
       "      <td>0</td>\n",
       "      <td>0</td>\n",
       "      <td>0.000000</td>\n",
       "      <td>0</td>\n",
       "      <td>1</td>\n",
       "      <td>0</td>\n",
       "      <td>110</td>\n",
       "      <td>0</td>\n",
       "      <td>7</td>\n",
       "      <td>0</td>\n",
       "      <td>7.000000</td>\n",
       "      <td>0</td>\n",
       "      <td>0</td>\n",
       "      <td>0</td>\n",
       "      <td>700</td>\n",
       "      <td>0.000000</td>\n",
       "      <td>0</td>\n",
       "      <td>16</td>\n",
       "      <td>0</td>\n",
       "    </tr>\n",
       "    <tr>\n",
       "      <th>2</th>\n",
       "      <td>bootybootykill#1892064</td>\n",
       "      <td>0</td>\n",
       "      <td>66</td>\n",
       "      <td>1.031250</td>\n",
       "      <td>0</td>\n",
       "      <td>9</td>\n",
       "      <td>0</td>\n",
       "      <td>110</td>\n",
       "      <td>0</td>\n",
       "      <td>32</td>\n",
       "      <td>16</td>\n",
       "      <td>32.000000</td>\n",
       "      <td>0</td>\n",
       "      <td>1</td>\n",
       "      <td>0</td>\n",
       "      <td>48300</td>\n",
       "      <td>0.000000</td>\n",
       "      <td>0</td>\n",
       "      <td>64</td>\n",
       "      <td>1</td>\n",
       "    </tr>\n",
       "    <tr>\n",
       "      <th>3</th>\n",
       "      <td>JNaCo#5244172</td>\n",
       "      <td>3</td>\n",
       "      <td>2</td>\n",
       "      <td>0.400000</td>\n",
       "      <td>0</td>\n",
       "      <td>1</td>\n",
       "      <td>0</td>\n",
       "      <td>0</td>\n",
       "      <td>0</td>\n",
       "      <td>3</td>\n",
       "      <td>0</td>\n",
       "      <td>3.000000</td>\n",
       "      <td>0</td>\n",
       "      <td>0</td>\n",
       "      <td>0</td>\n",
       "      <td>1150</td>\n",
       "      <td>0.000000</td>\n",
       "      <td>0</td>\n",
       "      <td>5</td>\n",
       "      <td>0</td>\n",
       "    </tr>\n",
       "    <tr>\n",
       "      <th>4</th>\n",
       "      <td>gomezyayo_007#6596687</td>\n",
       "      <td>0</td>\n",
       "      <td>2</td>\n",
       "      <td>0.200000</td>\n",
       "      <td>0</td>\n",
       "      <td>1</td>\n",
       "      <td>0</td>\n",
       "      <td>110</td>\n",
       "      <td>0</td>\n",
       "      <td>5</td>\n",
       "      <td>1</td>\n",
       "      <td>5.000000</td>\n",
       "      <td>0</td>\n",
       "      <td>0</td>\n",
       "      <td>0</td>\n",
       "      <td>1000</td>\n",
       "      <td>0.000000</td>\n",
       "      <td>0</td>\n",
       "      <td>10</td>\n",
       "      <td>0</td>\n",
       "    </tr>\n",
       "    <tr>\n",
       "      <th>5</th>\n",
       "      <td>Brxndoon7-LK#4002715</td>\n",
       "      <td>684</td>\n",
       "      <td>27011</td>\n",
       "      <td>1.066743</td>\n",
       "      <td>18</td>\n",
       "      <td>177</td>\n",
       "      <td>10</td>\n",
       "      <td>110</td>\n",
       "      <td>98332</td>\n",
       "      <td>1366</td>\n",
       "      <td>5113</td>\n",
       "      <td>2.323129</td>\n",
       "      <td>588</td>\n",
       "      <td>6063</td>\n",
       "      <td>305319</td>\n",
       "      <td>3932335</td>\n",
       "      <td>255.672035</td>\n",
       "      <td>403651</td>\n",
       "      <td>25321</td>\n",
       "      <td>1</td>\n",
       "    </tr>\n",
       "    <tr>\n",
       "      <th>6</th>\n",
       "      <td>bdooory_ab#7095171</td>\n",
       "      <td>4</td>\n",
       "      <td>162</td>\n",
       "      <td>0.632812</td>\n",
       "      <td>4</td>\n",
       "      <td>6</td>\n",
       "      <td>2</td>\n",
       "      <td>0</td>\n",
       "      <td>568</td>\n",
       "      <td>8</td>\n",
       "      <td>35</td>\n",
       "      <td>2.000000</td>\n",
       "      <td>4</td>\n",
       "      <td>68</td>\n",
       "      <td>4836</td>\n",
       "      <td>24485</td>\n",
       "      <td>265.500000</td>\n",
       "      <td>5404</td>\n",
       "      <td>256</td>\n",
       "      <td>0</td>\n",
       "    </tr>\n",
       "    <tr>\n",
       "      <th>7</th>\n",
       "      <td>ahevepluto#3505304</td>\n",
       "      <td>186</td>\n",
       "      <td>1898</td>\n",
       "      <td>0.569628</td>\n",
       "      <td>13</td>\n",
       "      <td>37</td>\n",
       "      <td>7</td>\n",
       "      <td>2</td>\n",
       "      <td>5111</td>\n",
       "      <td>550</td>\n",
       "      <td>485</td>\n",
       "      <td>3.666667</td>\n",
       "      <td>150</td>\n",
       "      <td>488</td>\n",
       "      <td>39978</td>\n",
       "      <td>458269</td>\n",
       "      <td>180.379636</td>\n",
       "      <td>45089</td>\n",
       "      <td>3332</td>\n",
       "      <td>0</td>\n",
       "    </tr>\n",
       "    <tr>\n",
       "      <th>8</th>\n",
       "      <td>MilkyLemonz-_-#5981249</td>\n",
       "      <td>741</td>\n",
       "      <td>21803</td>\n",
       "      <td>1.036658</td>\n",
       "      <td>26</td>\n",
       "      <td>185</td>\n",
       "      <td>29</td>\n",
       "      <td>111</td>\n",
       "      <td>81361</td>\n",
       "      <td>2442</td>\n",
       "      <td>3894</td>\n",
       "      <td>2.826389</td>\n",
       "      <td>864</td>\n",
       "      <td>4029</td>\n",
       "      <td>327230</td>\n",
       "      <td>4269370</td>\n",
       "      <td>198.844226</td>\n",
       "      <td>408591</td>\n",
       "      <td>21032</td>\n",
       "      <td>1</td>\n",
       "    </tr>\n",
       "    <tr>\n",
       "      <th>9</th>\n",
       "      <td>RPDUNKduo#8122914</td>\n",
       "      <td>26</td>\n",
       "      <td>349</td>\n",
       "      <td>0.444020</td>\n",
       "      <td>7</td>\n",
       "      <td>12</td>\n",
       "      <td>4</td>\n",
       "      <td>0</td>\n",
       "      <td>996</td>\n",
       "      <td>44</td>\n",
       "      <td>40</td>\n",
       "      <td>2.933333</td>\n",
       "      <td>15</td>\n",
       "      <td>138</td>\n",
       "      <td>4844</td>\n",
       "      <td>72765</td>\n",
       "      <td>253.677273</td>\n",
       "      <td>5840</td>\n",
       "      <td>786</td>\n",
       "      <td>0</td>\n",
       "    </tr>\n",
       "    <tr>\n",
       "      <th>10</th>\n",
       "      <td>BOBOQQ3#7928912</td>\n",
       "      <td>0</td>\n",
       "      <td>0</td>\n",
       "      <td>0.000000</td>\n",
       "      <td>0</td>\n",
       "      <td>1</td>\n",
       "      <td>0</td>\n",
       "      <td>0</td>\n",
       "      <td>0</td>\n",
       "      <td>0</td>\n",
       "      <td>0</td>\n",
       "      <td>0.000000</td>\n",
       "      <td>0</td>\n",
       "      <td>0</td>\n",
       "      <td>0</td>\n",
       "      <td>0</td>\n",
       "      <td>0.000000</td>\n",
       "      <td>0</td>\n",
       "      <td>0</td>\n",
       "      <td>0</td>\n",
       "    </tr>\n",
       "    <tr>\n",
       "      <th>11</th>\n",
       "      <td>Rachetevolution</td>\n",
